1 1 0 0 
1 1 0 0 0 60 
1 1 0 0 4 60 
1 1 0 0 8 60 40 0 
1 1 0 0 12 60 40 4 60 100 
1 1 0 0 16 60 40 8 60 96 0 60 
1 1 0 0 20 60 40 12 60 92 4 60 60 100 
1 1 0 0 24 60 40 16 60 88 8 60 60 96 100 40 
1 1 0 0 28 60 40 20 60 84 12 60 60 92 96 40 
1 1 0 0 32 60 40 24 60 80 16 60 60 88 92 40 60 100 
1 1 0 0 36 60 40 28 60 76 20 60 60 84 88 40 60 96 100 40 
1 1 0 0 36 60 40 32 60 72 24 60 60 80 84 40 60 92 96 40 60 100 
1 1 0 0 36 60 40 36 60 68 28 60 60 76 80 40 60 88 92 40 60 96 40 0 
1 1 0 0 36 60 40 40 60 64 32 60 60 72 76 40 60 84 88 40 60 92 40 4 60 100 
1 1 0 0 36 60 40 44 60 60 32 60 60 68 72 40 60 80 84 40 60 88 40 8 60 96 40 0 
1 1 0 0 36 60 40 48 60 56 32 60 60 64 68 40 60 76 80 40 60 84 40 12 60 92 40 4 0 60 
1 1 0 0 36 60 40 52 60 52 32 60 60 60 64 40 60 72 76 40 60 80 40 16 60 88 40 8 4 60 60 100 
1 1 0 0 36 60 40 56 60 48 32 60 60 56 64 40 60 68 72 40 60 76 40 20 60 84 40 12 8 60 60 96 0 60 
1 1 0 0 36 60 40 60 60 44 32 60 60 52 64 40 60 64 68 40 60 72 40 24 60 80 40 16 12 60 60 92 4 60 60 100 
1 1 0 0 36 60 40 64 60 40 32 60 60 48 64 40 60 60 68 40 60 68 40 28 60 76 40 20 16 60 60 88 8 60 60 96 40 0 
1 1 0 0 36 60 40 68 60 36 32 60 60 44 64 40 60 56 68 40 60 64 40 32 60 72 40 24 20 60 60 84 12 60 60 92 40 4 60 100 
1 1 0 0 36 60 40 72 60 32 32 60 60 40 64 40 60 52 68 40 60 60 40 36 60 68 40 28 24 60 60 80 16 60 60 88 40 8 60 96 40 0 
1 1 0 0 36 60 40 76 60 28 32 60 60 36 64 40 60 48 68 40 60 56 40 40 60 64 40 32 28 60 60 76 20 60 60 84 40 12 60 92 40 4 60 100 
1 1 0 0 36 60 40 80 60 24 32 60 60 32 64 40 60 44 68 40 60 52 40 44 57 61 40 36 28 60 60 72 24 60 60 80 40 16 60 88 40 8 60 96 100 40 
1 1 0 0 36 60 40 84 60 20 32 60 60 28 64 40 60 40 68 40 60 48 40 48 55 58 40 40 28 60 60 68 24 60 60 76 40 20 60 84 40 12 60 92 96 40 60 100 
1 1 0 0 36 60 40 88 60 16 32 60 60 24 64 40 60 36 68 40 60 44 40 52 52 55 40 44 28 60 60 64 24 60 60 72 40 24 60 80 40 16 60 88 92 40 60 96 40 0 
1 1 0 0 36 60 40 92 60 12 32 60 60 20 64 40 60 32 68 40 60 40 40 56 50 52 40 48 28 60 64 64 24 60 60 68 40 28 60 76 40 20 60 84 88 40 60 92 40 4 60 100 
1 1 0 0 36 60 40 96 60 8 32 60 60 16 64 40 60 28 68 40 60 36 40 60 47 49 40 52 28 60 68 63 24 60 60 65 40 32 60 72 40 24 60 80 84 40 60 88 40 8 60 96 
1 1 0 0 36 60 0 60 60 4 32 60 60 12 64 40 60 24 68 40 60 32 40 64 45 46 40 56 28 60 72 63 24 60 60 64 40 36 60 69 40 28 60 76 80 40 60 84 40 12 60 92 
1 1 0 0 36 60 4 60 100 40 32 60 60 8 64 40 60 20 68 40 60 28 40 68 42 42 40 60 28 60 76 62 24 60 60 60 40 40 60 69 40 32 60 73 76 40 60 80 40 16 60 88 
1 1 0 0 36 60 8 60 96 40 32 60 60 4 64 40 60 16 68 40 60 24 40 72 38 42 40 64 28 60 80 62 24 60 60 56 40 44 60 65 40 36 60 73 72 40 60 77 40 20 60 84 40 0 
1 1 0 0 36 60 12 60 92 40 32 60 60 100 64 40 60 12 68 40 60 20 40 76 34 42 40 68 28 60 84 62 24 60 60 52 40 48 60 64 40 40 60 69 72 40 60 77 40 24 60 81 40 4 
1 1 0 0 36 60 16 60 88 40 32 60 60 96 64 40 60 8 68 40 60 16 40 80 30 42 40 72 28 60 88 61 24 60 60 48 40 52 64 64 40 44 60 69 72 40 60 73 40 28 60 81 40 8 
1 1 0 0 36 60 20 60 84 40 32 60 60 92 64 40 60 4 68 40 60 12 40 84 26 42 40 76 28 60 92 61 24 60 60 44 40 56 68 63 40 48 60 65 72 40 60 73 40 32 60 77 40 12 60 100 
1 1 0 0 36 60 20 60 80 40 32 60 60 88 64 40 40 0 68 40 60 8 40 88 22 41 40 80 28 60 96 60 24 60 60 40 40 60 72 63 40 52 60 64 72 40 60 69 40 36 60 77 40 16 60 96 
1 1 0 0 36 60 20 60 76 40 32 60 60 84 64 40 40 4 68 40 60 4 40 92 18 41 40 84 28 60 97 60 24 60 60 36 40 64 76 62 40 56 64 64 72 40 60 69 40 40 60 73 40 20 60 92 
1 1 0 0 36 60 20 60 76 40 32 60 60 80 64 40 40 8 68 40 40 0 40 96 14 41 40 88 28 60 24 60 60 32 40 68 80 62 40 60 68 63 72 40 60 65 40 44 60 73 40 24 60 88 
1 1 0 0 36 60 20 60 76 40 32 60 60 77 64 40 40 12 68 40 40 4 100 40 10 41 40 92 28 60 24 60 60 28 40 72 84 62 40 64 72 63 72 40 60 64 40 48 60 69 40 28 60 84 
1 1 0 0 36 60 20 60 76 40 32 60 60 73 64 40 40 16 68 40 40 8 96 40 6 40 40 96 28 60 60 100 24 60 60 24 40 76 88 61 40 68 76 62 72 40 60 60 40 52 60 69 40 32 60 81 
1 1 0 0 36 60 20 60 76 40 32 60 60 73 64 40 40 20 68 40 40 12 92 40 3 40 0 60 28 60 60 96 24 60 60 20 40 80 92 61 40 72 80 62 72 40 60 56 40 56 60 65 40 36 60 77 
1 1 0 0 36 60 20 60 76 40 32 60 60 69 64 40 40 24 68 40 40 16 88 40 40 0 4 60 28 60 60 92 24 60 60 16 40 84 96 60 40 76 84 62 72 40 60 52 40 60 60 64 40 40 60 77 
1 1 0 0 36 60 20 60 76 40 32 60 60 69 64 40 40 28 68 40 40 20 84 40 40 4 8 60 28 60 60 88 24 60 60 12 40 88 97 60 40 80 88 61 72 40 60 48 40 64 60 60 40 44 60 73 60 100 
1 1 0 0 36 60 20 60 76 40 32 60 60 65 64 40 40 32 68 40 40 24 80 40 40 8 12 60 28 60 60 84 24 60 60 8 40 92 40 0 40 84 92 61 72 40 60 44 40 68 60 56 40 48 60 73 60 96 
1 1 0 0 36 60 20 60 76 40 32 60 60 64 64 40 40 36 68 40 40 28 80 40 40 12 16 60 28 60 60 80 24 60 60 4 40 96 40 4 40 88 96 60 72 40 60 40 40 72 60 52 40 52 60 69 60 92 60 100 
1 1 0 0 36 60 20 60 76 40 32 60 60 60 64 40 40 40 68 40 40 32 80 40 40 16 16 60 28 60 60 76 24 60 0 60 40 8 40 92 97 60 72 40 60 36 40 76 60 48 40 56 60 69 60 88 60 96 
1 1 0 0 36 60 20 60 76 40 32 60 60 56 64 40 40 44 68 40 40 36 80 40 40 20 16 60 28 60 60 73 24 60 4 60 40 0 40 12 40 96 72 40 60 32 40 80 60 44 40 60 60 65 60 84 60 92 
1 1 0 0 36 60 20 60 76 40 32 60 60 52 64 40 40 48 68 40 40 40 80 40 40 24 16 60 28 60 60 69 24 60 8 60 40 4 40 16 72 40 60 28 40 84 60 40 40 64 60 64 60 80 60 88 
1 1 0 0 36 60 20 60 76 40 32 60 60 48 64 40 40 52 68 40 40 44 80 40 40 28 16 60 28 60 60 69 24 60 12 60 40 8 40 20 60 100 72 40 60 24 40 88 60 36 40 68 60 60 60 76 60 84 
1 1 0 0 36 60 20 60 76 40 32 60 60 44 64 40 40 56 68 40 40 48 80 40 40 32 16 60 28 60 60 65 24 60 12 60 40 12 40 24 60 96 100 40 72 40 60 20 40 92 60 32 40 72 60 56 60 73 60 80 
1 1 0 0 36 60 20 60 76 40 32 60 60 40 64 40 40 60 68 40 40 52 80 40 40 36 16 60 28 60 60 64 24 60 12 60 40 16 40 28 60 92 96 40 72 40 60 16 40 96 60 28 40 76 60 52 60 69 60 77 40 0 
1 1 0 0 36 60 20 60 76 40 32 60 60 36 64 40 40 64 68 40 40 56 80 40 40 40 16 60 28 60 57 61 24 60 12 60 40 20 40 32 60 88 92 40 72 40 60 12 60 100 60 24 40 80 60 48 60 69 60 73 40 4 
1 1 0 0 36 60 20 60 76 40 32 60 60 32 64 40 40 68 68 40 40 60 80 40 40 44 16 60 28 60 55 58 24 60 12 60 40 24 40 36 60 84 88 40 72 40 60 8 60 96 60 20 40 84 60 44 60 65 60 73 40 8 
1 1 0 0 36 60 20 60 76 40 32 60 60 28 64 40 40 72 68 40 40 64 80 40 40 48 16 60 28 60 52 55 24 60 12 60 40 28 40 40 60 80 84 40 72 40 60 4 60 92 60 16 40 88 60 40 60 64 60 69 40 12 40 0 
1 1 0 0 36 60 20 60 76 40 32 60 60 24 64 40 40 76 68 40 40 68 80 40 40 52 16 60 28 60 50 52 24 60 12 60 40 32 40 44 60 76 84 40 72 40 0 60 60 88 60 12 40 92 60 36 60 60 60 69 40 16 40 4 
1 1 0 0 36 60 20 60 76 40 32 60 60 20 64 40 40 80 68 40 40 72 80 40 40 56 16 60 28 60 47 49 24 60 12 60 40 36 40 48 60 73 84 40 72 40 4 60 60 84 60 8 40 96 60 32 60 56 60 65 40 20 40 8 40 0 
1 1 0 0 36 60 20 60 76 40 32 60 60 16 64 40 40 84 68 40 40 76 80 40 40 60 16 60 28 60 45 46 24 60 12 60 40 40 40 52 60 69 84 40 72 40 8 60 60 80 60 4 60 28 60 52 60 64 40 24 40 12 40 4 
1 1 0 0 36 60 20 60 76 40 32 60 60 12 64 40 40 88 68 40 40 80 80 40 40 64 16 60 28 60 42 42 24 60 12 60 40 44 40 56 60 69 84 40 72 40 8 60 60 76 40 0 60 24 60 48 64 64 40 28 40 16 40 8 
1 1 0 0 36 60 20 60 76 40 32 60 60 8 64 40 40 92 68 40 40 84 80 40 40 68 16 60 28 60 38 42 24 60 12 60 40 48 40 60 60 65 84 40 72 40 8 60 60 73 40 4 60 100 60 20 60 44 68 63 40 32 40 20 40 12 
1 1 0 0 36 60 20 60 76 40 32 60 60 4 64 40 40 96 68 40 40 88 80 40 40 72 16 60 28 60 34 42 24 60 12 60 40 52 40 64 60 64 84 40 72 40 8 60 60 69 40 8 60 96 60 16 60 40 72 63 40 36 40 24 40 16 40 0 
1 1 0 0 36 60 20 60 76 40 32 60 60 100 64 40 68 40 40 92 80 40 40 76 16 60 28 60 30 42 24 60 12 60 40 56 40 68 60 60 84 40 72 40 8 60 60 69 40 12 60 92 60 12 60 36 76 62 40 40 40 28 40 20 40 4 
0 0 0 0 36 60 20 60 76 40 32 60 60 96 64 40 0 60 68 40 40 96 80 40 40 80 16 60 28 60 26 42 24 60 12 60 40 60 40 72 60 56 84 40 72 40 8 60 60 65 40 16 60 88 60 8 60 32 80 62 40 44 40 32 40 24 40 8 
0 0 0 0 36 60 20 60 76 40 32 60 60 92 64 40 4 60 68 40 60 100 80 40 40 84 16 60 28 60 22 41 24 60 12 60 40 64 40 76 60 52 84 40 72 40 8 60 60 65 40 20 60 84 60 4 60 28 84 62 40 48 40 36 40 28 40 12 
0 0 0 0 36 60 20 60 76 40 32 60 60 88 64 40 4 60 68 40 60 96 80 40 40 88 16 60 28 60 18 41 24 60 12 60 40 68 40 80 60 48 84 40 72 40 8 60 60 65 40 24 60 80 60 24 88 61 40 52 40 36 40 32 40 16 
0 0 0 0 36 60 20 60 76 40 32 60 60 84 64 40 4 60 68 40 60 92 80 40 40 92 16 60 28 60 14 41 24 60 12 60 40 72 40 84 60 44 84 40 72 40 8 60 60 65 40 28 60 76 40 0 60 20 92 61 40 56 40 36 40 32 40 20 
0 0 0 0 36 60 20 60 76 40 32 60 60 80 64 40 4 60 68 40 60 88 80 40 40 96 16 60 28 60 10 41 24 60 12 60 40 76 40 88 60 40 84 40 72 40 8 60 60 65 40 28 60 72 40 4 60 16 96 60 40 60 40 36 40 32 40 24 60 100 
0 0 0 0 36 60 20 60 76 40 32 60 60 76 64 40 4 60 68 40 60 84 80 40 40 0 16 60 28 60 6 40 24 60 12 60 40 80 40 92 60 36 84 40 72 40 8 60 60 65 40 28 60 69 40 8 60 12 97 60 40 64 40 36 40 32 40 24 60 96 
0 0 0 0 36 60 20 60 76 40 32 60 60 73 64 40 4 60 68 40 60 80 80 40 40 4 16 60 28 60 3 40 24 60 12 60 40 84 40 96 60 32 84 40 72 40 8 60 60 65 40 28 60 69 40 12 60 8 40 68 40 36 40 32 40 24 60 92 
0 0 0 0 36 60 20 60 76 40 32 60 60 73 64 40 4 60 68 40 60 77 80 40 40 8 16 60 28 60 40 0 24 60 12 60 40 88 60 28 84 40 72 40 8 60 60 65 40 28 60 69 40 16 60 4 40 72 40 36 40 32 40 24 60 88 
0 0 0 0 36 60 20 60 76 40 32 60 60 73 64 40 4 60 68 40 60 77 80 40 40 12 16 60 28 60 40 4 24 60 12 60 40 92 60 100 60 24 84 40 72 40 8 60 60 65 40 28 60 69 40 20 40 76 40 36 40 32 40 24 60 84 
0 0 0 0 36 60 20 60 76 40 32 60 60 73 64 40 4 60 68 40 60 77 80 40 40 16 16 60 28 60 40 8 24 60 12 60 40 96 60 96 60 20 84 40 72 40 8 60 60 65 40 28 60 69 40 20 40 80 40 36 40 32 40 24 60 81 
0 0 1 1 36 60 20 60 76 40 32 60 60 73 64 40 4 60 68 40 60 77 80 40 40 16 16 60 28 60 40 12 24 60 12 60 40 0 60 92 60 16 84 40 72 40 8 60 60 65 40 28 60 69 40 20 40 84 40 36 40 32 40 24 60 81 
0 0 1 1 40 60 20 60 76 40 32 60 60 73 61 43 4 60 68 40 60 77 80 40 40 16 16 60 28 60 40 12 24 60 12 60 40 4 60 88 60 12 84 40 72 40 8 60 60 65 40 28 60 69 40 20 100 40 40 88 40 36 40 32 40 24 60 81 
0 0 1 1 44 60 20 60 76 40 36 60 60 73 58 45 4 60 64 40 60 77 80 40 40 16 16 60 28 60 40 12 24 60 12 60 40 8 60 85 60 8 84 40 72 40 8 60 60 65 40 28 60 69 40 20 96 40 40 0 40 92 40 36 40 32 40 24 60 81 
0 0 1 1 48 60 20 60 76 40 40 60 60 73 55 48 4 60 61 43 60 77 80 40 40 16 16 60 32 60 40 12 24 60 12 60 40 8 60 85 60 4 84 40 68 40 8 60 60 65 40 28 60 69 40 20 92 40 40 4 40 96 40 36 40 32 40 24 60 81 100 40 
0 0 1 1 52 60 20 60 72 40 44 60 60 73 52 50 4 60 58 45 60 77 80 40 40 16 16 60 36 60 40 12 28 60 12 60 40 8 60 85 84 40 64 40 8 60 60 65 40 28 60 69 40 20 88 40 40 4 40 36 40 32 40 24 60 81 96 40 
0 0 1 1 56 60 24 60 68 40 48 60 60 73 49 53 4 60 55 48 60 77 76 40 40 16 16 60 40 60 40 12 32 60 12 60 40 8 60 85 84 40 61 43 8 60 60 65 40 28 60 69 40 20 88 40 40 4 40 36 40 32 40 24 60 81 92 40 
0 0 1 1 60 60 28 60 64 40 52 60 60 73 46 55 4 60 52 50 60 77 72 40 40 16 20 60 44 60 40 12 36 60 12 60 40 8 60 85 60 100 80 40 58 45 8 60 60 65 40 28 60 69 40 20 88 40 40 4 40 36 40 32 40 24 60 81 92 40 
0 0 1 1 64 60 32 60 61 43 56 60 60 73 42 58 4 60 49 53 60 77 68 40 40 16 24 60 48 60 40 12 40 60 16 60 40 8 60 85 60 96 76 40 55 48 8 60 60 65 40 28 60 69 40 20 84 40 40 4 40 36 40 32 40 24 60 81 92 40 
0 0 1 1 68 60 36 60 58 45 60 60 60 73 42 62 4 60 46 55 60 77 64 40 40 16 28 60 52 60 40 12 44 60 20 60 40 8 60 85 60 92 72 40 52 50 12 60 60 65 40 28 60 69 40 20 80 40 40 4 60 100 40 36 40 32 40 24 60 81 88 40 
0 0 1 1 72 60 40 60 55 48 64 60 60 73 42 66 8 60 42 58 60 77 61 43 40 16 32 60 56 60 40 12 48 60 24 60 40 8 60 85 60 89 68 40 49 53 16 60 60 65 40 28 60 69 40 20 76 40 40 4 60 96 40 36 40 32 40 24 60 81 84 40 
0 0 1 1 76 60 44 60 52 50 68 60 60 73 42 70 12 60 42 62 60 77 58 45 40 16 36 60 60 60 40 12 52 60 28 60 40 8 60 85 60 89 64 40 46 55 20 60 60 65 40 28 60 69 40 20 72 40 40 4 60 93 40 36 40 32 40 24 60 81 80 40 
0 0 1 1 80 60 48 60 49 53 72 60 60 73 42 74 16 60 42 66 60 77 55 48 40 16 36 64 64 60 40 12 56 60 32 60 40 8 60 85 60 89 61 43 42 58 24 60 60 65 40 28 60 69 40 20 68 40 40 4 60 93 40 36 40 32 40 24 60 81 76 40 60 100 
0 0 1 1 84 60 52 60 46 55 76 60 60 73 41 78 20 60 42 70 60 77 52 50 40 16 37 68 68 60 40 12 60 60 35 60 40 8 60 85 60 89 58 45 42 62 28 60 60 65 40 28 60 69 40 20 64 40 40 4 60 93 40 36 40 32 40 24 60 81 72 40 60 97 
0 0 1 1 88 60 56 60 42 58 80 60 60 73 41 82 24 60 42 74 60 77 49 53 40 16 37 72 72 60 40 12 64 60 36 60 40 8 60 85 60 89 55 48 42 66 31 60 60 65 40 28 60 69 40 20 61 43 40 4 60 93 40 36 40 32 40 24 60 81 68 40 60 97 100 40 
0 0 1 1 92 60 60 60 42 62 84 60 60 73 41 86 27 60 41 78 60 77 46 55 40 16 38 76 76 60 40 12 68 60 40 60 40 8 60 85 60 89 52 50 42 70 31 60 60 65 40 28 60 69 40 20 58 45 40 4 60 93 40 36 40 32 40 24 60 81 64 40 60 97 96 40 
0 0 1 1 96 60 64 60 42 66 88 60 60 73 41 90 27 60 41 82 60 77 42 58 40 16 38 80 80 60 40 12 72 60 44 60 40 8 60 85 60 89 49 53 42 74 35 60 60 65 40 28 60 69 40 20 55 48 40 4 60 93 40 36 40 32 40 24 60 81 61 43 60 97 92 40 
0 0 1 1 0 60 68 60 42 70 92 60 60 73 40 94 31 60 41 86 60 77 42 62 40 16 38 84 84 60 40 12 76 60 48 60 40 8 60 85 60 89 46 55 41 78 36 60 60 65 40 28 60 69 40 20 52 50 40 4 60 93 40 36 40 32 40 24 60 81 58 45 60 97 88 40 
0 0 1 1 4 60 72 60 42 74 96 60 60 73 40 97 31 60 41 90 60 77 42 66 40 16 39 88 88 60 40 12 80 60 52 60 40 8 60 85 60 89 42 58 41 82 36 64 60 65 40 28 60 69 40 20 49 53 40 4 60 93 40 36 40 32 40 24 60 81 55 48 60 97 84 40 
0 0 1 1 8 60 76 60 41 78 60 73 35 60 40 94 60 77 42 70 40 16 39 92 92 60 40 12 84 60 56 60 40 8 60 85 60 89 42 62 41 86 37 68 60 65 40 28 60 69 40 20 46 55 40 4 60 93 40 36 40 32 40 24 60 81 52 50 60 97 80 40 
0 0 1 1 12 60 80 60 41 82 60 73 36 60 40 97 60 77 42 74 40 16 40 96 96 60 40 12 88 60 60 60 40 8 60 85 60 89 42 66 41 90 37 72 60 65 40 28 60 69 40 20 42 58 40 4 60 93 40 36 40 32 40 24 60 81 49 53 60 97 76 40 
0 0 1 1 16 60 84 60 41 86 60 73 40 60 60 77 41 78 40 16 40 97 40 12 92 60 64 60 40 8 60 85 60 89 42 70 40 94 38 76 60 65 40 28 60 69 40 20 42 62 40 4 60 93 40 36 40 32 40 24 60 81 46 55 60 97 72 40 
0 0 1 1 20 60 88 60 41 90 60 73 44 60 60 77 41 82 40 16 40 12 96 60 68 60 40 8 60 85 60 89 42 74 40 97 38 80 60 65 40 28 60 69 40 20 42 66 40 4 60 93 40 36 40 32 40 24 60 81 42 58 60 97 68 40 
0 0 1 1 24 60 92 60 40 94 60 73 48 60 60 77 41 86 40 16 40 12 72 60 40 8 60 85 60 89 41 78 38 84 60 65 40 28 60 69 40 20 42 70 40 4 60 93 40 36 40 32 40 24 60 81 42 62 60 97 64 40 
0 0 1 1 28 60 96 60 40 97 60 73 52 60 60 77 41 90 40 16 40 12 76 60 40 8 60 85 60 89 41 82 39 88 60 65 40 28 60 69 40 20 42 74 40 4 60 93 40 36 40 32 40 24 60 81 42 66 60 97 61 43 
0 0 1 1 32 60 60 73 56 60 60 77 40 94 40 16 40 12 80 60 40 8 60 85 60 89 41 86 39 92 60 65 40 28 60 69 40 20 41 78 40 4 60 93 40 36 40 32 40 24 60 81 42 70 60 97 58 45 
0 0 1 1 36 60 60 73 60 60 60 77 40 97 40 16 40 12 84 60 40 8 60 85 60 89 41 90 40 96 60 65 40 28 60 69 40 20 41 82 40 4 60 93 40 36 40 32 40 24 60 81 42 74 60 97 55 48 
0 0 1 1 36 64 60 73 64 60 60 77 40 16 40 12 88 60 40 8 60 85 60 89 40 94 40 97 60 65 40 28 60 69 40 20 41 86 40 4 60 93 40 36 40 32 40 24 60 81 41 78 60 97 52 50 
0 0 1 1 37 68 60 73 68 60 60 77 40 16 40 12 92 60 40 8 60 85 60 89 40 97 60 65 40 28 60 69 40 20 41 90 40 4 60 93 40 36 40 32 40 24 60 81 41 82 60 97 49 53 
0 0 1 1 37 72 60 73 72 60 60 77 40 16 40 12 96 60 40 8 60 85 60 89 60 65 40 28 60 69 40 20 40 94 40 4 60 93 40 36 40 32 40 24 60 81 41 86 60 97 46 55 
0 0 1 1 38 76 60 73 76 60 60 77 40 16 40 12 40 8 60 85 60 89 60 65 40 28 60 69 40 20 40 97 40 4 60 93 40 36 40 32 40 24 60 81 41 90 60 97 42 58 
0 0 1 1 38 80 60 73 80 60 60 77 40 16 40 12 40 8 60 85 60 89 60 65 40 28 60 69 40 20 40 4 60 93 40 36 40 32 40 24 60 81 40 94 60 97 42 62 
0 0 1 1 38 84 60 73 84 60 60 77 40 16 40 12 40 8 60 85 60 89 60 65 40 28 60 69 40 20 40 4 60 93 40 36 40 32 40 24 60 81 40 97 60 97 42 66 
0 0 1 1 39 88 60 73 88 60 60 77 40 16 40 12 40 8 60 85 60 89 60 65 40 28 60 69 40 20 40 4 60 93 40 36 40 32 40 24 60 81 60 97 42 70 
0 0 1 1 39 92 60 73 92 60 60 77 40 16 40 12 40 8 60 85 60 89 60 65 40 28 60 69 40 20 40 4 60 93 40 36 40 32 40 24 60 81 60 97 42 74 
0 0 1 1 40 96 100 40 60 73 96 60 60 77 40 16 40 12 40 8 60 85 60 89 60 65 40 28 60 69 40 20 40 4 60 93 40 36 40 32 40 24 60 81 60 97 41 78 
0 0 1 1 40 97 96 40 60 73 60 77 40 16 40 12 40 8 60 85 60 89 60 65 40 28 60 69 40 20 40 4 60 93 40 36 40 32 40 24 60 81 60 97 41 82 
0 0 1 1 100 40 92 40 60 73 60 77 40 16 40 12 40 8 60 85 60 89 60 65 40 28 60 69 40 20 40 4 60 93 40 36 40 32 40 24 60 81 60 97 41 86 
0 0 1 1 96 40 88 40 60 73 60 77 40 16 40 12 40 8 60 85 60 89 60 65 40 28 60 69 40 20 40 4 60 93 40 36 40 32 40 24 60 81 60 97 41 90 
0 0 1 1 92 40 84 40 60 73 60 77 40 16 40 12 40 8 60 85 60 89 60 65 40 28 60 69 40 20 40 4 60 93 40 36 40 32 40 24 60 81 60 97 40 94 
0 0 1 1 88 40 80 40 60 73 60 77 40 16 40 12 40 8 60 85 60 89 60 65 40 28 60 69 40 20 40 4 60 93 40 36 40 32 40 24 60 81 60 97 40 97 
0 0 1 1 84 40 76 40 60 73 60 77 40 16 40 12 40 8 60 85 60 89 60 65 40 28 60 69 40 20 40 4 60 93 40 36 40 32 40 24 60 81 60 97 
0 0 1 1 80 40 72 40 0 60 60 73 60 77 40 16 40 12 40 8 60 85 60 89 60 65 40 28 60 69 40 20 40 4 60 93 40 36 40 32 40 24 60 81 60 97 
0 0 1 1 76 40 68 40 4 60 60 73 60 77 40 16 40 12 40 8 60 85 60 89 60 65 40 28 60 69 40 20 40 4 60 93 40 36 40 32 40 24 60 81 60 97 
0 0 1 1 72 40 64 40 8 60 60 73 60 77 40 16 40 12 40 8 60 85 60 89 60 65 40 28 60 69 40 20 40 4 60 93 40 36 40 32 40 24 60 81 60 97 
0 0 0 0 68 40 61 43 12 60 60 73 60 77 40 16 40 12 40 8 60 85 60 89 60 65 40 28 60 69 40 20 40 4 60 93 40 36 40 32 40 24 60 81 60 97 
0 0 0 0 64 40 58 45 16 60 0 60 60 73 60 77 40 16 40 12 40 8 60 85 60 89 60 65 40 28 60 69 40 20 40 4 60 93 40 36 40 32 40 24 60 81 60 97 
0 0 0 0 64 40 55 48 20 60 4 60 60 73 60 77 40 16 40 12 40 8 60 85 60 89 60 65 40 28 60 69 40 20 40 4 60 93 40 36 40 32 40 24 60 81 60 97 
0 0 0 0 64 40 52 50 24 60 8 60 60 73 60 77 40 16 40 12 40 8 60 85 60 89 60 65 40 28 60 69 40 20 40 4 60 93 40 36 40 32 40 24 60 81 60 97 
0 0 0 0 64 40 49 53 28 60 12 60 60 73 60 77 40 16 40 12 40 8 60 85 60 89 60 65 40 28 60 69 40 20 40 4 60 93 40 36 40 32 40 24 60 81 60 97 
0 0 0 0 64 40 46 55 32 60 16 60 60 73 60 77 40 16 40 12 40 8 60 85 60 89 60 65 40 28 60 69 40 20 40 4 60 93 40 36 40 32 40 24 60 81 60 97 
0 0 0 0 64 40 42 58 36 60 20 60 60 73 60 77 40 16 40 12 40 8 60 85 60 89 60 65 40 28 60 69 40 20 40 4 60 93 40 36 40 32 40 24 60 81 60 97 
0 0 0 0 64 40 42 59 36 60 24 60 60 73 60 77 40 16 40 12 40 8 60 85 60 89 60 65 40 28 60 69 40 20 40 4 60 93 40 36 40 32 40 24 60 81 60 97 
0 0 0 0 64 40 41 59 36 60 28 60 60 73 0 60 60 77 40 16 40 12 40 8 60 85 60 89 60 65 40 28 60 69 40 20 40 4 60 93 40 36 40 32 40 24 60 81 60 97 
1 1 0 0 64 40 40 60 36 60 32 60 60 73 4 60 60 77 40 16 40 12 40 8 60 85 60 89 60 65 40 28 60 69 40 20 40 4 60 93 40 36 40 32 40 24 60 81 60 97 
1 1 0 0 64 40 39 60 36 60 32 60 60 73 8 60 0 60 60 77 40 16 40 12 40 8 60 85 60 89 60 64 40 28 60 69 40 20 40 4 60 93 40 40 40 32 40 24 60 81 60 97 
1 1 0 0 64 40 40 60 36 60 32 60 60 73 12 60 4 60 60 77 40 16 40 12 40 8 60 85 60 89 64 64 40 28 60 69 40 20 40 4 60 93 40 44 40 36 40 24 60 81 60 97 
1 1 0 0 64 40 39 60 36 60 32 60 60 73 16 60 8 60 60 77 40 16 40 12 40 8 60 85 60 89 68 63 40 32 60 65 40 20 40 4 60 93 40 48 40 40 40 24 60 81 60 97 
1 1 0 0 64 40 40 60 36 60 32 60 60 69 20 60 12 60 60 77 40 16 40 12 40 8 60 85 60 89 72 63 40 36 60 64 40 20 40 4 60 93 40 52 40 44 40 28 60 81 60 97 
1 1 0 0 64 40 39 60 36 60 32 60 60 69 24 60 16 60 60 73 40 16 40 12 40 8 60 85 60 89 76 62 40 40 60 60 40 24 40 4 60 93 40 56 40 48 40 32 60 81 60 97 
1 1 0 0 64 40 40 60 36 60 32 60 60 65 28 60 20 60 60 73 40 20 40 12 40 8 60 85 60 89 80 62 40 44 60 56 40 28 40 4 60 93 40 60 40 52 40 36 60 77 60 97 
1 1 0 0 64 40 39 60 36 60 32 60 60 64 28 60 24 60 60 69 40 24 40 16 40 8 60 81 60 89 84 62 40 48 60 52 40 32 40 4 60 93 40 64 40 56 40 40 60 77 60 97 
1 1 0 0 64 40 40 60 36 60 32 60 60 60 28 60 24 60 60 69 40 28 40 20 40 12 60 81 60 85 88 61 40 52 60 48 40 36 40 4 60 93 40 68 40 60 40 44 60 73 60 97 
1 1 0 0 64 40 39 60 36 60 32 60 60 56 28 60 24 60 60 65 40 32 40 24 40 16 60 77 60 85 92 61 40 56 60 44 40 40 40 8 60 89 40 72 40 64 40 48 60 73 60 97 
1 1 0 0 64 40 40 60 36 60 32 60 60 52 28 60 24 60 40 0 60 64 40 36 40 28 40 20 60 77 60 81 96 60 40 60 60 40 40 44 40 12 60 89 40 76 40 68 40 52 60 69 60 93 
1 1 0 0 64 40 39 60 36 60 32 60 60 48 28 60 24 60 40 4 57 61 60 100 40 40 40 32 40 24 60 73 60 81 97 60 40 64 60 36 40 48 40 16 60 85 40 80 40 72 40 56 60 69 60 93 
1 1 0 0 64 40 40 60 36 60 32 60 60 44 28 60 24 60 40 8 55 58 60 97 40 44 100 40 40 36 40 28 60 73 60 77 40 68 60 32 40 52 40 20 60 85 40 84 40 76 40 60 60 65 60 89 
1 1 0 0 64 40 39 60 36 60 32 60 60 40 28 60 24 60 40 12 52 55 60 93 40 48 96 40 40 0 40 40 40 32 60 69 60 77 40 72 60 28 40 56 40 24 60 81 40 88 40 80 40 64 60 64 60 89 
1 1 0 0 64 40 40 60 36 60 32 60 60 36 28 60 24 60 40 16 50 52 60 93 40 52 92 40 40 4 40 44 40 36 60 69 60 73 40 76 60 24 40 60 40 28 60 81 40 92 40 84 40 68 60 60 60 85 
1 1 0 0 64 40 39 60 36 60 32 60 60 32 28 60 24 60 40 20 47 49 60 89 40 56 88 40 40 8 40 48 40 0 40 40 60 65 60 73 40 80 60 20 40 64 40 32 60 77 40 96 40 88 40 72 60 56 60 85 
1 1 0 0 64 40 40 60 36 60 32 60 60 28 28 60 24 60 40 24 45 46 60 89 40 60 84 40 40 12 40 52 40 4 40 44 60 64 60 69 40 84 60 16 40 68 40 36 60 77 40 92 40 76 60 52 60 81 
1 1 0 0 64 40 39 60 36 60 32 60 60 24 28 60 24 60 40 28 42 42 60 85 40 64 80 40 40 16 40 56 40 8 0 60 40 48 60 60 60 69 40 88 60 12 40 72 40 40 60 73 40 96 40 80 60 48 60 81 
1 1 0 0 64 40 40 60 36 60 32 60 60 20 28 60 24 60 40 32 38 42 60 85 40 68 76 40 40 20 40 60 40 12 4 60 40 52 60 56 60 65 60 100 40 92 60 8 40 76 40 44 60 73 40 84 60 44 60 77 
1 1 0 0 64 40 39 60 36 60 32 60 60 16 28 60 24 60 40 36 34 42 60 81 40 72 72 40 40 24 40 64 40 16 8 60 40 56 60 52 60 64 60 96 40 0 40 96 60 4 40 80 40 48 60 69 40 88 60 40 60 77 
1 1 0 0 64 40 40 60 36 60 32 60 60 12 28 60 24 60 40 40 30 42 60 81 40 76 68 40 40 28 40 68 40 20 12 60 40 60 60 48 60 60 60 92 40 4 40 84 40 52 60 69 40 92 60 36 60 73 
1 1 0 0 64 40 39 60 36 60 32 60 60 8 28 60 24 60 40 44 26 42 60 77 40 80 68 40 40 32 40 72 40 24 16 60 40 64 60 44 60 56 60 88 40 8 40 0 40 88 40 56 60 65 40 96 60 32 60 73 
1 1 0 0 64 40 40 60 36 60 32 60 60 4 28 60 24 60 40 48 22 41 60 77 40 84 68 40 40 36 40 76 40 28 20 60 40 68 60 40 60 52 60 84 40 12 40 4 100 40 40 92 40 60 60 64 60 28 60 69 
1 1 0 0 64 40 39 60 36 60 32 60 40 0 28 60 24 60 40 52 18 41 60 73 40 88 68 40 40 40 40 80 40 32 20 60 40 72 60 36 60 48 60 81 40 16 40 8 96 40 40 96 40 64 57 61 60 24 60 69 
1 1 0 0 64 40 40 60 36 60 32 60 40 4 28 60 24 60 40 56 14 41 60 73 40 92 68 40 40 44 40 84 40 36 20 60 40 76 60 32 60 44 60 77 40 20 40 12 92 40 60 100 40 68 55 58 60 20 60 65 
1 1 0 0 64 40 39 60 36 60 32 60 40 8 28 60 24 60 40 60 10 41 60 69 40 96 68 40 40 48 40 88 40 40 20 60 40 80 60 28 60 40 60 77 40 24 40 16 88 40 60 96 40 72 52 55 60 16 60 64 
1 1 0 0 64 40 40 60 36 60 32 60 40 12 28 60 24 60 40 64 6 40 60 69 40 0 68 40 40 52 40 92 40 44 20 60 40 84 60 24 60 36 60 73 40 28 40 20 84 40 60 92 40 76 50 52 60 12 64 64 
1 1 0 0 64 40 39 60 36 60 32 60 40 16 28 60 24 60 40 68 3 40 60 65 40 4 68 40 40 56 40 96 40 48 20 60 40 88 60 20 60 32 60 73 40 32 40 24 80 40 60 88 40 80 47 49 60 8 68 63 
1 1 0 0 64 40 40 60 36 60 32 60 40 20 28 60 24 60 40 72 40 0 60 64 40 8 68 40 40 60 40 52 20 60 40 92 60 16 60 28 60 69 40 36 40 28 76 40 60 84 40 84 45 46 60 4 72 63 
1 1 0 0 64 40 39 60 36 60 32 60 40 24 28 60 24 60 40 76 40 4 60 60 40 12 68 40 40 64 0 60 40 56 20 60 40 96 60 12 60 24 60 69 40 40 40 32 72 40 60 80 40 88 42 42 76 62 
1 1 0 0 64 40 40 60 36 60 32 60 40 28 28 60 24 60 40 80 40 8 60 56 40 16 68 40 40 68 4 60 40 60 20 60 40 0 60 8 60 20 60 65 40 44 40 36 72 40 60 76 40 92 38 42 80 62 
1 1 0 0 64 40 39 60 36 60 32 60 40 32 28 60 24 60 40 84 40 12 60 52 40 20 68 40 40 72 8 60 40 64 20 60 40 4 60 4 60 16 60 64 40 48 40 40 72 40 60 72 0 60 40 96 34 42 84 62 
1 1 0 0 64 40 40 60 36 60 32 60 40 36 28 60 24 60 40 88 40 16 60 48 40 24 68 40 40 76 12 60 40 68 20 60 40 8 60 100 60 12 60 60 40 52 40 44 72 40 60 68 4 60 30 42 88 61 
1 1 0 0 64 40 39 60 36 60 32 60 40 40 28 60 24 60 40 92 40 20 60 44 40 28 68 40 40 80 16 60 40 72 20 60 40 12 60 96 60 8 60 56 40 56 40 48 72 40 60 64 8 60 40 0 26 42 92 61 
1 1 0 0 64 40 40 60 36 60 32 60 40 44 28 60 24 60 40 96 40 24 60 40 40 32 68 40 40 84 16 60 40 76 20 60 40 16 60 92 60 4 60 52 40 60 40 52 72 40 60 60 12 60 40 4 22 41 96 60 
1 1 0 0 64 40 39 60 36 60 32 60 40 48 28 60 24 60 40 0 40 28 60 36 40 36 68 40 40 88 16 60 40 80 20 60 40 20 60 88 60 48 40 64 40 56 72 40 60 56 12 60 40 8 18 41 97 60 
1 1 0 0 64 40 40 60 36 60 32 60 40 52 28 60 24 60 40 4 40 32 60 32 40 40 68 40 40 92 16 60 40 84 20 60 40 24 60 84 60 100 60 44 40 68 40 60 72 40 60 52 12 60 40 12 14 41 
1 1 0 0 64 40 39 60 36 60 32 60 40 56 28 60 24 60 40 8 40 36 60 28 40 44 68 40 40 96 16 60 40 88 20 60 40 28 60 80 60 96 60 40 40 72 40 64 72 40 60 48 12 60 40 16 40 0 10 41 
1 1 0 0 64 40 40 60 36 60 32 60 40 60 28 60 24 60 40 12 40 40 60 24 40 48 68 40 60 100 16 60 40 92 20 60 40 32 60 76 60 92 60 36 40 76 40 68 72 40 60 44 12 60 40 20 40 4 6 40 
1 1 0 0 64 40 39 60 36 60 32 60 40 64 28 60 24 60 40 16 40 44 60 20 40 52 68 40 60 96 16 60 40 96 20 60 40 36 60 72 60 88 60 32 40 80 40 72 72 40 60 40 12 60 40 24 40 8 3 40 
1 1 0 0 64 40 40 60 36 60 32 60 40 68 28 60 24 60 40 20 40 48 60 16 40 56 68 40 60 92 16 60 40 0 20 60 40 40 60 68 60 84 60 28 40 84 40 76 72 40 60 36 12 60 40 28 40 12 
1 1 0 0 64 40 39 60 36 60 32 60 40 72 28 60 24 60 40 24 40 52 60 12 40 60 68 40 60 88 16 60 40 4 20 60 40 44 60 64 60 80 60 24 40 88 40 80 72 40 60 32 12 60 40 32 40 16 60 100 
1 1 0 0 64 40 40 60 36 60 32 60 40 76 28 60 24 60 40 28 40 56 60 8 40 64 68 40 60 84 16 60 40 8 20 60 40 48 60 60 60 76 60 20 40 92 40 84 72 40 60 28 12 60 40 36 40 20 60 96 100 40 
1 1 0 0 64 40 39 60 36 60 32 60 40 80 28 60 24 60 40 32 40 60 60 4 40 68 68 40 60 80 16 60 40 12 20 60 40 52 60 56 60 72 60 16 40 96 40 88 72 40 60 24 12 60 40 40 40 24 60 92 96 40 60 100 
1 1 0 0 64 40 40 60 36 60 32 60 40 84 28 60 24 60 40 36 40 64 40 72 68 40 60 76 16 60 40 16 20 60 40 56 60 52 60 68 60 12 40 92 72 40 60 20 12 60 40 44 40 28 60 88 92 40 60 96 
1 1 0 0 64 40 39 60 36 60 32 60 40 88 28 60 24 60 40 40 40 68 60 100 40 76 68 40 60 72 16 60 40 20 20 60 40 60 60 48 60 64 60 8 40 96 72 40 60 16 12 60 40 48 40 32 60 84 88 40 60 92 
1 1 0 0 64 40 40 60 36 60 32 60 40 92 28 60 24 60 40 44 40 72 60 96 40 80 68 40 60 68 16 60 40 24 20 60 40 64 60 44 60 60 60 4 40 0 72 40 60 12 12 60 40 52 40 36 60 80 84 40 60 88 
1 1 0 0 64 40 39 60 36 60 32 60 40 96 28 60 24 60 40 48 40 76 60 92 40 84 68 40 60 64 16 60 40 28 20 60 40 68 60 40 60 56 40 4 72 40 60 8 12 60 40 56 40 40 60 76 80 40 60 84 
1 1 0 0 64 40 40 60 36 60 32 60 60 100 28 60 24 60 40 52 40 80 60 88 40 88 68 40 60 60 16 60 40 32 20 60 40 72 60 36 60 52 40 8 72 40 60 4 12 60 40 60 40 44 60 72 76 40 60 80 
1 1 0 0 64 40 39 60 36 60 32 60 60 96 28 60 24 60 40 56 40 84 60 84 40 92 68 40 60 56 16 60 40 36 20 60 40 76 60 32 60 48 40 0 40 12 72 40 12 60 40 64 40 48 60 68 76 40 60 76 
1 1 0 0 64 40 40 60 36 60 32 60 60 92 28 60 24 60 40 60 40 88 60 80 40 96 68 40 60 52 16 60 40 40 20 60 40 80 60 28 60 44 40 4 40 16 100 40 72 40 12 60 40 68 40 52 60 64 76 40 60 72 
1 1 0 0 64 40 39 60 36 60 32 60 60 88 28 60 24 60 40 64 40 92 60 76 0 60 68 40 60 48 16 60 40 44 20 60 40 84 60 24 60 40 40 8 40 20 96 40 72 40 12 60 40 72 40 56 60 60 76 40 60 68 
1 1 0 0 64 40 40 60 36 60 32 60 60 84 28 60 24 60 40 68 40 96 60 72 4 60 68 40 60 44 16 60 40 48 20 60 40 88 60 20 60 36 40 12 40 24 92 40 72 40 12 60 40 76 40 60 60 56 76 40 60 64 
1 1 0 0 64 40 39 60 36 60 32 60 60 80 28 60 24 60 40 72 60 100 60 68 8 60 68 40 60 40 16 60 40 52 20 60 40 92 60 16 60 32 40 16 40 28 88 40 72 40 12 60 40 80 40 64 60 52 76 40 60 60 
1 1 0 0 64 40 40 60 36 60 32 60 60 76 28 60 24 60 40 76 60 96 60 64 8 60 68 40 60 36 16 60 40 56 20 60 40 96 60 12 60 28 40 20 40 32 84 40 72 40 40 0 12 60 40 84 40 68 60 48 76 40 60 56 
1 1 0 0 64 40 39 60 36 60 32 60 60 72 28 60 24 60 40 80 60 92 60 60 8 60 68 40 60 32 16 60 40 60 20 60 0 60 60 8 60 24 40 24 40 36 80 40 72 40 40 4 12 60 40 88 40 72 60 44 76 40 60 52 
1 1 0 0 64 40 40 60 36 60 32 60 60 68 28 60 24 60 40 84 60 88 60 56 8 60 68 40 60 28 16 60 40 64 20 60 4 60 60 4 60 20 40 28 40 40 80 40 72 40 40 8 12 60 40 92 40 76 60 40 76 40 60 48 100 40 
1 1 0 0 64 40 39 60 36 60 32 60 60 64 28 60 24 60 40 88 60 84 60 52 8 60 68 40 60 24 16 60 40 68 20 60 4 60 40 0 60 16 40 32 40 44 80 40 72 40 40 12 12 60 40 96 40 80 60 36 76 40 60 44 96 40 
1 1 0 0 64 40 40 60 36 60 32 60 60 60 28 60 24 60 40 92 60 80 60 48 8 60 68 40 60 20 16 60 40 72 20 60 4 60 40 4 60 12 40 36 40 48 80 40 72 40 40 16 12 60 40 84 60 32 76 40 60 40 92 40 
1 1 0 0 64 40 39 60 36 60 32 60 60 56 28 60 24 60 40 96 60 76 60 44 8 60 68 40 60 16 16 60 40 76 20 60 4 60 40 8 60 8 40 40 40 52 80 40 72 40 40 20 12 60 60 100 40 88 60 28 76 40 60 36 88 40 
0 0 0 0 64 40 40 60 36 60 32 60 60 52 28 60 24 60 100 40 60 72 60 40 8 60 68 40 60 12 16 60 40 80 20 60 4 60 40 12 60 4 40 44 40 56 80 40 72 40 40 24 12 60 60 96 40 92 60 24 76 40 60 32 84 40 
0 0 0 0 64 40 39 60 36 60 32 60 60 48 28 60 24 60 96 40 60 68 60 36 8 60 68 40 60 8 16 60 40 84 20 60 4 60 40 16 40 48 40 60 80 40 72 40 40 28 12 60 60 92 40 96 60 20 76 40 60 28 84 40 
0 0 0 0 64 40 40 60 36 60 32 60 60 44 28 60 24 60 92 40 60 64 60 32 8 60 68 40 60 4 16 60 40 88 20 60 4 60 40 20 40 0 40 52 40 64 80 40 72 40 40 32 12 60 60 88 60 16 76 40 60 24 84 40 
0 0 0 0 64 40 39 60 36 60 32 60 60 40 28 60 24 60 88 40 60 64 60 28 8 60 68 40 16 60 40 92 20 60 4 60 40 24 40 4 40 56 40 68 80 40 72 40 40 36 12 60 60 84 60 12 76 40 60 20 84 40 
0 0 0 0 64 40 40 60 36 60 32 60 60 36 28 60 24 60 88 40 60 64 60 24 8 60 68 40 16 60 40 96 20 60 4 60 40 28 40 8 40 60 40 72 80 40 72 40 40 36 12 60 60 80 60 8 76 40 60 16 84 40 
0 0 0 0 64 40 39 60 36 60 32 60 60 32 28 60 24 60 88 40 60 64 60 20 8 60 68 40 60 100 16 60 20 60 4 60 40 32 40 12 40 64 40 76 80 40 72 40 40 36 12 60 60 76 60 4 76 40 60 12 84 40 
0 0 0 0 64 40 40 60 36 60 32 60 60 28 28 60 24 60 88 40 60 64 60 16 8 60 68 40 60 96 16 60 40 0 20 60 4 60 40 32 40 16 40 68 40 80 80 40 72 40 40 36 12 60 60 72 76 40 60 8 84 40 
0 0 0 0 64 40 39 60 36 60 32 60 60 24 28 60 24 60 88 40 60 64 60 12 8 60 68 40 60 92 16 60 40 4 20 60 4 60 40 32 40 20 40 72 40 84 80 40 72 40 40 36 12 60 60 68 76 40 60 4 84 40 
0 0 0 0 64 40 40 60 36 60 32 60 60 20 28 60 24 60 88 40 60 64 60 8 8 60 68 40 60 88 16 60 40 8 20 60 4 60 40 32 40 24 40 76 40 88 80 40 72 40 40 36 12 60 60 68 60 100 76 40 84 40 
0 0 0 0 64 40 39 60 36 60 32 60 60 16 28 60 24 60 88 40 60 64 60 4 8 60 68 40 60 84 16 60 40 12 20 60 4 60 40 32 40 28 40 80 40 92 80 40 72 40 40 36 12 60 60 68 60 96 40 0 76 40 84 40 
0 0 1 1 64 40 40 60 36 60 32 60 60 12 28 60 24 60 88 40 60 64 100 40 8 60 68 40 60 80 16 60 40 16 20 60 4 60 40 32 40 28 40 84 40 96 80 40 72 40 40 36 12 60 60 68 60 92 40 4 76 40 84 40 
0 0 1 1 61 43 40 64 40 60 32 60 60 8 28 60 24 60 88 40 60 64 96 40 8 60 68 40 60 76 16 60 40 20 20 60 4 60 40 32 40 28 40 88 40 0 80 40 72 40 40 36 12 60 60 68 60 88 40 8 76 40 84 40 
0 0 1 1 58 45 40 68 44 60 36 60 60 4 28 60 24 60 88 40 60 64 92 40 8 60 64 40 60 72 16 60 40 24 20 60 4 60 40 32 40 28 40 92 40 4 80 40 72 40 40 36 12 60 60 68 60 84 40 12 76 40 60 100 84 40 
0 0 1 1 55 48 40 72 48 60 40 60 40 0 32 60 24 60 88 40 60 64 92 40 8 60 61 43 60 72 16 60 40 24 20 60 4 60 40 32 40 28 40 96 40 8 80 40 68 40 40 36 12 60 60 68 60 80 40 16 76 40 60 96 84 40 
0 0 1 1 52 50 40 76 52 60 44 60 40 4 36 60 28 60 88 40 60 64 92 40 8 60 58 45 60 72 16 60 40 24 20 60 4 60 40 32 40 28 40 12 80 40 64 40 40 36 12 60 60 68 60 76 40 20 72 40 60 92 84 40 
0 0 1 1 49 53 40 80 56 60 48 60 40 8 40 60 32 60 88 40 60 64 92 40 8 60 55 48 60 72 16 60 40 24 24 60 4 60 40 32 40 28 100 40 40 16 76 40 61 43 40 36 12 60 60 68 60 76 40 20 68 40 60 88 84 40 
0 0 1 1 46 55 40 84 60 60 52 60 40 12 44 60 36 60 88 40 60 64 92 40 8 60 52 50 60 72 20 60 40 24 28 60 4 60 40 32 40 28 96 40 40 16 72 40 58 45 40 36 12 60 60 68 60 76 40 20 64 40 60 84 80 40 
0 0 1 1 42 58 40 88 64 60 56 60 40 12 48 60 36 64 84 40 60 64 92 40 8 60 49 53 60 72 24 60 40 24 32 60 4 60 40 32 40 28 96 40 40 16 68 40 55 48 40 36 16 60 60 68 60 76 40 20 61 43 60 80 76 40 
0 0 1 1 42 62 40 92 68 60 60 60 40 12 52 60 37 68 80 40 60 64 88 40 12 60 46 55 60 72 28 60 40 24 35 60 4 60 40 32 40 28 96 40 40 16 64 40 52 50 40 36 20 60 60 68 60 76 40 20 58 45 60 80 72 40 60 100 
0 0 1 1 42 66 40 96 72 60 64 60 40 12 56 60 37 72 76 40 60 64 84 40 16 60 42 58 60 72 31 60 40 24 36 60 8 60 40 32 40 28 92 40 40 16 61 43 49 53 40 36 24 60 60 68 60 76 40 20 55 48 60 80 68 40 60 96 100 40 
0 0 1 1 42 70 40 97 76 60 68 60 40 12 60 60 38 76 72 40 60 64 80 40 20 60 42 62 60 72 31 60 40 24 36 64 12 60 40 32 40 28 88 40 40 16 58 45 46 55 40 36 27 60 60 68 60 76 40 20 52 50 60 80 64 40 60 92 96 40 60 100 
0 0 1 1 42 74 80 60 72 60 40 12 64 60 38 80 68 40 60 64 76 40 23 60 42 66 60 72 35 60 40 24 37 68 16 60 40 32 40 28 84 40 40 16 55 48 42 58 40 36 27 60 60 68 60 76 40 20 49 53 60 80 61 43 60 88 92 40 60 96 
0 0 1 1 41 78 40 0 84 60 76 60 40 12 68 60 38 84 64 40 60 64 72 40 23 60 42 70 60 72 36 60 40 24 37 72 19 60 40 32 40 28 80 40 40 16 52 50 42 62 40 36 31 60 60 68 60 76 40 20 46 55 60 80 58 45 60 84 88 40 60 92 
0 0 1 1 41 82 40 4 88 60 80 60 40 12 72 60 39 88 61 43 60 64 68 40 27 60 42 74 60 72 40 60 40 24 38 76 19 60 40 32 40 28 76 40 40 16 49 53 42 66 40 36 31 60 60 68 60 76 40 20 42 58 60 80 55 48 60 84 84 40 60 88 60 100 
0 0 1 1 41 86 40 8 92 60 84 60 40 12 76 60 39 92 58 45 60 64 64 40 27 60 41 78 60 72 44 60 40 24 38 80 23 60 40 32 40 28 72 40 40 16 46 55 42 70 40 36 35 60 60 68 60 76 40 20 42 62 60 80 52 50 60 84 80 40 60 88 60 96 
0 0 1 1 41 90 40 8 96 60 88 60 40 12 80 60 40 96 55 48 60 64 61 43 31 60 41 82 60 72 48 60 40 24 38 84 23 60 40 32 40 28 68 40 40 16 42 58 42 74 40 36 36 60 60 68 60 76 40 20 42 66 60 80 49 53 60 84 76 40 60 88 60 92 60 100 
0 0 1 1 40 94 40 8 92 60 40 12 84 60 40 97 52 50 60 64 58 45 31 60 41 86 60 72 52 60 40 24 39 88 27 60 40 32 40 28 64 40 40 16 42 62 41 78 40 36 36 64 60 68 60 76 40 20 42 70 60 80 46 55 60 84 72 40 60 88 60 92 60 96 
0 0 1 1 40 97 40 8 40 0 96 60 40 12 88 60 49 53 60 64 55 48 35 60 41 90 60 72 56 60 40 24 39 92 27 60 40 32 40 28 61 43 40 16 42 66 41 82 40 36 37 68 60 68 60 76 40 20 42 74 60 80 42 58 60 84 68 40 60 88 60 92 60 96 
0 0 1 1 40 8 40 4 40 12 92 60 46 55 60 64 52 50 36 60 40 94 60 72 60 60 40 24 40 96 31 60 40 32 40 28 58 45 40 16 42 70 41 86 40 36 37 72 60 68 60 76 40 20 41 78 60 80 42 62 60 84 64 40 60 88 60 92 60 96 
0 0 1 1 40 8 40 4 40 12 96 60 42 58 60 64 49 53 40 60 40 97 60 72 64 60 40 24 40 97 31 60 40 32 40 28 55 48 40 16 42 74 41 90 40 36 38 76 60 68 60 76 40 20 41 82 60 80 42 66 60 84 61 43 60 88 60 92 60 96 
0 0 1 1 40 8 40 4 40 12 42 62 60 64 46 55 44 60 60 72 68 60 40 24 35 60 40 32 40 28 52 50 40 16 41 78 40 94 40 36 38 80 60 68 60 76 40 20 41 86 60 80 42 70 60 84 58 45 60 88 60 92 60 96 
0 0 1 1 0 60 40 8 40 4 40 12 42 66 60 64 42 58 48 60 60 72 72 60 40 24 36 60 40 32 40 28 49 53 40 16 41 82 40 97 40 36 38 84 60 68 60 76 40 20 41 90 60 80 42 74 60 84 55 48 60 88 60 92 60 96 
0 0 1 1 4 60 40 8 40 4 40 12 42 70 60 64 42 62 52 60 60 72 76 60 40 24 36 64 40 32 40 28 46 55 40 16 41 86 40 36 39 88 60 68 60 76 40 20 40 94 60 80 41 78 60 84 52 50 60 88 60 92 60 96 
0 0 1 1 8 60 40 8 40 4 40 12 42 74 60 64 42 66 56 60 60 72 80 60 40 24 37 68 40 32 40 28 42 58 40 16 41 90 40 36 39 92 60 68 60 76 40 20 40 97 60 80 41 82 60 84 49 53 60 88 60 92 60 96 
0 0 1 1 12 60 40 8 40 4 40 12 41 78 60 64 42 70 60 60 60 72 84 60 40 24 37 72 40 32 40 28 42 62 40 16 40 94 40 36 40 96 60 68 60 76 40 20 60 80 41 86 60 84 46 55 60 88 60 92 60 96 
0 0 1 1 16 60 40 8 40 4 0 60 40 12 41 82 60 64 42 74 64 60 60 72 88 60 40 24 38 76 40 32 40 28 42 66 40 16 40 97 40 36 40 97 60 68 60 76 40 20 60 80 41 90 60 84 42 58 60 88 60 92 60 96 
0 0 1 1 20 60 40 8 40 4 4 60 40 12 41 86 60 64 41 78 68 60 60 72 92 60 40 24 38 80 40 32 40 28 42 70 40 16 40 36 60 68 60 76 40 20 60 80 40 94 60 84 42 62 60 88 60 92 60 96 
0 0 1 1 24 60 40 8 40 4 8 60 40 12 41 90 60 64 41 82 72 60 60 72 96 60 40 24 38 84 40 32 40 28 42 74 40 16 40 36 60 68 60 76 40 20 60 80 40 97 60 84 42 66 60 88 60 92 60 96 
0 0 1 1 28 60 40 8 40 4 12 60 40 12 0 60 40 94 60 64 41 86 76 60 60 72 40 24 39 88 40 32 40 28 41 78 40 16 40 36 60 68 60 76 40 20 60 80 60 84 42 70 60 88 60 92 60 96 
0 0 1 1 32 60 40 8 40 4 16 60 40 12 4 60 40 97 60 64 41 90 80 60 60 72 40 24 39 92 40 32 40 28 41 82 40 16 40 36 60 68 60 76 40 20 60 80 60 84 42 74 60 88 60 92 60 96 
0 0 1 1 36 60 40 8 40 4 20 60 40 12 8 60 60 64 40 94 84 60 60 72 40 24 40 96 40 32 40 28 41 86 40 16 40 36 60 68 60 76 40 20 60 80 60 84 41 78 60 88 60 92 60 96 
0 0 1 1 40 60 40 8 40 4 24 60 40 12 12 60 60 64 40 97 88 60 60 72 40 24 40 97 40 32 40 28 41 90 40 16 40 36 60 68 60 76 40 20 60 80 60 84 41 82 60 88 60 92 60 96 
0 0 1 1 44 60 40 8 40 4 28 60 40 12 16 60 60 64 92 60 60 72 40 24 40 32 40 28 40 94 40 16 40 36 60 68 60 76 40 20 60 80 60 84 41 86 60 88 60 92 60 96 
0 0 1 1 48 60 40 8 40 4 32 60 40 12 20 60 60 64 96 60 60 72 40 24 40 32 40 28 40 97 40 16 40 36 60 68 60 76 40 20 60 80 60 84 41 90 60 88 60 92 60 96 
0 0 1 1 52 60 40 8 40 4 36 60 40 12 24 60 60 64 60 72 40 24 40 32 40 28 40 16 40 36 60 68 60 76 40 20 60 80 60 84 40 94 60 88 60 92 60 96 
0 0 1 1 56 60 40 8 40 4 40 60 40 12 28 60 0 60 60 64 60 72 40 24 40 32 40 28 40 16 40 36 60 68 60 76 40 20 60 80 60 84 40 97 60 88 60 92 60 96 
0 0 1 1 60 60 40 8 40 4 44 60 40 12 32 60 4 60 60 64 60 72 40 24 40 32 40 28 40 16 40 36 60 68 60 76 40 20 60 80 60 84 60 88 60 92 60 96 
0 0 1 1 64 60 40 8 40 4 48 60 40 12 36 60 8 60 60 64 60 72 40 24 40 32 40 28 40 16 40 36 60 68 60 76 40 20 60 80 60 84 60 88 60 92 60 96 
0 0 1 1 68 60 40 8 40 4 52 60 40 12 36 64 12 60 100 40 60 64 60 72 40 24 40 32 40 28 40 16 40 36 60 68 60 76 40 20 60 80 60 84 60 88 60 92 60 96 
0 0 1 1 72 60 40 8 40 4 56 60 40 12 37 68 16 60 96 40 60 64 60 72 40 24 40 32 40 28 40 16 40 36 60 68 60 76 40 20 60 80 60 84 60 88 60 92 60 96 
0 0 1 1 76 60 40 8 40 4 60 60 40 12 37 72 20 60 92 40 60 64 60 72 40 24 40 32 40 28 40 16 40 36 60 68 60 76 40 20 60 80 60 84 60 88 60 92 60 96 
0 0 1 1 80 60 40 8 40 4 64 60 40 12 38 76 24 60 88 40 60 64 0 60 60 72 40 24 40 32 40 28 40 16 40 36 60 68 60 76 40 20 60 80 60 84 60 88 60 92 60 96 
0 0 1 1 84 60 40 8 40 4 68 60 40 12 38 80 28 60 84 40 60 64 4 60 60 72 40 24 40 32 40 28 40 16 40 36 60 68 60 76 40 20 60 80 60 84 60 88 60 92 60 96 
0 0 1 1 88 60 40 8 40 4 72 60 40 12 38 84 32 60 80 40 60 64 8 60 60 72 40 24 40 32 40 28 40 16 40 36 60 68 60 76 40 20 60 80 60 84 60 88 60 92 60 96 
0 0 0 0 92 60 40 8 40 4 76 60 40 12 39 88 36 60 76 40 60 64 12 60 60 72 40 24 40 32 40 28 40 16 40 36 60 68 60 76 40 20 60 80 60 84 60 88 60 92 60 96 
0 0 0 0 96 60 40 8 40 4 80 60 40 12 39 92 36 60 72 40 60 64 16 60 60 72 40 24 40 32 40 28 40 16 40 36 60 68 60 76 40 20 60 80 60 84 60 88 60 92 60 96 
0 0 0 0 40 8 40 4 84 60 40 12 40 96 36 60 68 40 60 64 20 60 60 72 40 24 40 32 40 28 40 16 40 36 60 68 60 76 40 20 60 80 60 84 60 88 60 92 60 96 
0 0 0 0 40 8 40 4 88 60 40 12 40 97 36 60 64 40 60 64 24 60 60 72 40 24 40 32 40 28 40 16 40 36 60 68 60 76 40 20 60 80 60 84 60 88 60 92 60 96 
0 0 0 0 0 60 40 8 40 4 92 60 40 12 36 60 64 40 60 64 28 60 60 72 40 24 40 32 40 28 40 16 40 36 60 68 60 76 40 20 60 80 60 84 60 88 60 92 60 96 
0 0 0 0 4 60 40 8 40 4 96 60 40 12 36 60 64 40 60 64 32 60 60 72 40 24 40 32 40 28 40 16 40 36 60 68 60 76 40 20 60 80 60 84 60 88 60 92 60 96 
0 0 0 0 8 60 40 8 40 4 40 12 36 60 64 40 60 64 32 60 60 72 40 24 40 32 40 28 40 16 40 36 60 68 60 76 40 20 60 80 60 84 60 88 60 92 60 96 
0 0 0 0 12 60 40 8 40 4 100 40 40 12 36 60 64 40 60 64 32 60 60 72 40 24 40 32 40 28 40 16 40 36 60 68 60 76 40 20 60 80 60 84 60 88 60 92 60 96 
0 0 0 0 16 60 40 8 40 4 96 40 40 12 36 60 64 40 60 64 32 60 60 72 40 24 40 32 40 28 40 16 40 36 60 68 60 76 40 20 60 80 60 84 60 88 60 92 60 96 
1 1 0 0 20 60 40 8 40 4 92 40 40 12 36 60 64 40 60 64 32 60 60 72 40 24 40 32 40 28 40 16 40 36 60 68 60 76 40 20 60 80 60 84 60 88 60 92 60 96 
1 1 0 0 24 60 40 8 40 4 88 40 40 12 36 60 64 40 60 60 32 60 60 72 40 24 40 32 40 28 40 16 40 40 60 68 60 76 40 20 60 80 60 84 60 88 60 92 60 96 
1 1 0 0 28 60 40 8 40 4 84 40 40 12 36 60 64 40 60 56 32 60 60 72 40 24 40 36 40 28 40 16 40 44 60 64 60 76 40 20 60 80 60 84 60 88 60 92 60 96 
1 1 0 0 28 60 40 8 40 4 80 40 40 12 36 60 64 40 60 52 32 60 60 68 40 24 40 40 40 32 40 16 40 48 60 60 60 76 40 20 60 80 60 84 60 88 60 92 60 96 
1 1 0 0 28 60 40 8 40 4 76 40 40 12 100 40 36 60 64 40 60 48 32 60 60 64 40 28 40 44 40 36 40 16 40 52 60 56 60 72 40 20 60 80 60 84 60 88 60 92 60 96 
1 1 0 0 28 60 40 8 40 4 72 40 40 12 96 40 36 60 64 40 60 44 32 60 0 60 60 60 40 32 40 48 40 40 40 16 40 56 60 52 60 68 40 24 60 76 60 84 60 88 60 92 60 96 
1 1 0 0 28 60 40 8 40 4 68 40 40 12 92 40 36 60 64 40 60 40 32 60 4 60 60 56 40 36 40 52 40 44 40 20 40 60 60 48 60 64 40 28 60 72 60 80 60 88 60 92 60 96 
1 1 0 0 28 60 40 8 40 4 68 40 40 16 88 40 36 60 64 40 60 36 32 60 8 60 60 52 40 40 40 56 40 48 40 24 40 64 60 44 60 60 40 32 60 68 60 76 60 84 60 92 60 96 
1 1 0 0 28 60 40 12 40 4 68 40 40 20 84 40 36 60 64 40 60 32 32 60 12 60 60 48 40 44 40 60 40 52 40 28 40 68 60 40 60 56 40 36 60 64 60 72 60 80 60 88 60 96 
1 1 0 0 28 60 40 16 40 8 68 40 40 24 80 40 36 60 64 40 60 28 32 60 16 60 60 100 60 44 40 48 40 64 40 56 40 32 40 72 60 36 60 52 40 40 60 60 60 68 60 76 60 84 60 92 
1 1 0 0 28 60 40 20 40 12 68 40 40 28 76 40 36 60 64 40 60 24 32 60 20 60 60 96 60 40 40 52 40 68 40 60 40 36 40 76 60 32 60 48 40 44 60 56 60 64 60 72 60 80 60 88 
1 1 0 0 28 60 40 24 40 16 68 40 40 32 72 40 36 60 64 40 60 20 32 60 24 60 60 92 60 36 40 0 40 56 40 72 40 64 40 40 40 80 60 28 60 44 40 48 60 52 64 64 60 68 60 76 60 84 
1 1 0 0 28 60 40 28 40 20 68 40 40 36 72 40 36 60 64 40 60 16 32 60 24 60 60 88 60 32 40 4 40 60 40 76 40 68 40 44 40 84 60 24 60 40 40 52 60 48 68 63 60 65 60 72 60 80 
1 1 0 0 28 60 40 32 40 24 68 40 40 40 72 40 36 60 64 40 60 12 32 60 24 60 60 84 60 28 40 8 40 64 100 40 40 80 40 72 40 48 40 88 60 20 60 36 40 56 60 44 72 63 60 64 60 69 60 76 
1 1 0 0 28 60 40 36 40 28 68 40 40 44 72 40 36 60 64 40 60 8 32 60 24 60 60 80 60 24 40 12 40 68 96 40 40 0 40 84 40 76 40 52 40 92 60 16 60 32 40 60 60 40 76 62 60 60 60 69 60 73 
1 1 0 0 28 60 40 40 40 32 68 40 40 48 72 40 36 60 64 40 60 4 32 60 24 60 60 77 60 20 40 16 40 72 92 40 40 4 40 88 40 80 60 100 40 56 40 96 60 12 60 28 40 64 60 36 80 62 60 56 60 65 60 73 
1 1 0 0 28 60 40 44 40 36 68 40 40 52 72 40 36 60 64 40 32 60 24 60 60 77 60 16 40 20 40 76 88 40 40 8 40 92 40 84 60 96 40 60 60 8 60 24 40 68 60 32 84 62 60 52 60 64 60 69 
1 1 0 0 28 60 40 48 40 40 68 40 40 56 72 40 36 60 64 40 60 100 32 60 24 60 60 73 60 12 40 24 40 80 84 40 40 12 40 96 40 88 60 92 40 64 60 4 60 20 40 72 60 28 88 61 60 48 57 61 60 69 
1 1 0 0 28 60 40 52 40 44 68 40 40 60 72 40 36 60 64 40 60 96 32 60 24 60 60 73 60 8 40 28 40 84 80 40 40 16 40 0 40 92 60 88 40 68 60 16 40 76 60 24 92 61 60 44 55 58 60 65 
1 1 0 0 28 60 40 56 40 48 68 40 40 64 72 40 36 60 64 40 60 92 32 60 24 60 60 69 60 4 40 32 40 88 76 40 40 20 40 4 40 96 60 84 40 72 60 12 40 80 60 20 96 60 60 40 52 55 60 64 
1 1 0 0 28 60 40 60 40 52 68 40 40 68 72 40 36 60 64 40 60 88 32 60 24 60 60 69 60 100 40 36 40 92 76 40 40 24 40 8 60 80 40 76 60 8 40 84 60 16 97 60 60 36 50 52 60 60 
1 1 0 0 28 60 40 64 40 56 68 40 40 72 72 40 36 60 64 40 60 84 32 60 24 60 60 65 60 96 40 40 40 96 76 40 40 28 40 12 60 76 40 80 60 4 40 88 60 12 60 32 47 49 60 56 
1 1 0 0 28 60 40 68 40 60 68 40 40 76 72 40 36 60 64 40 60 80 32 60 24 60 60 64 60 92 40 44 40 0 76 40 40 32 40 16 60 72 40 84 40 92 60 8 60 28 45 46 60 52 
1 1 0 0 28 60 40 72 40 64 68 40 40 80 72 40 36 60 64 40 60 76 32 60 24 60 60 60 60 88 40 48 40 4 76 40 40 36 40 20 60 100 60 68 40 88 40 96 60 4 60 24 42 42 60 48 
1 1 0 0 28 60 40 76 40 68 68 40 40 84 72 40 36 60 64 40 60 72 32 60 24 60 60 56 60 84 40 52 40 8 76 40 40 40 40 24 60 96 60 64 40 92 60 20 38 42 60 44 
1 1 0 0 28 60 40 80 40 72 68 40 40 88 72 40 36 60 64 40 60 68 32 60 24 60 60 52 60 80 40 56 40 12 76 40 40 44 40 28 60 92 60 60 40 96 60 100 60 16 34 42 60 40 
1 1 0 0 28 60 40 84 40 76 68 40 40 92 72 40 36 60 64 40 60 64 32 60 24 60 60 48 60 76 40 60 40 16 76 40 40 48 40 32 60 88 60 56 40 0 60 96 60 12 30 42 60 36 
1 1 0 0 28 60 40 88 40 80 68 40 40 96 72 40 36 60 64 40 60 60 32 60 24 60 60 44 60 72 40 64 40 20 76 40 40 52 40 36 60 84 60 52 40 4 60 92 60 8 26 42 60 32 
1 1 0 0 28 60 40 92 40 84 68 40 40 0 72 40 36 60 64 40 60 56 32 60 24 60 60 40 60 68 40 68 40 24 76 40 40 56 40 40 60 80 60 48 40 8 60 88 60 4 22 41 60 28 
1 1 0 0 28 60 40 96 40 88 68 40 40 4 72 40 36 60 64 40 60 52 32 60 24 60 60 36 60 64 40 72 40 28 76 40 40 60 40 44 60 76 60 44 40 12 60 84 0 60 18 41 60 24 
1 1 0 0 28 60 40 0 40 92 68 40 40 8 72 40 36 60 64 40 60 48 32 60 24 60 60 32 60 60 40 76 40 32 76 40 40 64 40 48 60 72 60 40 40 16 60 80 4 60 14 41 60 20 
1 1 0 0 28 60 40 4 40 96 68 40 40 12 72 40 36 60 64 40 60 44 32 60 24 60 60 28 60 56 40 80 40 36 76 40 40 68 40 52 60 68 60 36 40 20 60 76 8 60 10 41 60 16 
1 1 0 0 28 60 40 8 40 0 68 40 40 16 72 40 36 60 64 40 60 40 32 60 24 60 60 24 60 52 40 84 40 40 76 40 40 72 40 56 60 64 60 32 40 24 60 72 12 60 6 40 60 12 
1 1 0 0 28 60 40 12 40 4 68 40 40 20 72 40 36 60 64 40 60 36 32 60 24 60 60 20 60 48 40 88 40 44 76 40 40 76 40 60 60 60 60 28 40 28 60 68 16 60 3 40 60 8 
1 1 0 0 28 60 40 16 40 8 68 40 40 24 72 40 36 60 64 40 60 32 32 60 24 60 60 16 60 44 40 92 40 48 76 40 40 80 40 64 60 56 60 24 40 32 60 64 20 60 60 100 60 4 
1 1 0 0 28 60 40 20 40 12 68 40 40 28 72 40 36 60 64 40 60 28 32 60 24 60 60 12 60 40 40 96 40 52 76 40 40 84 40 68 60 52 60 20 40 36 64 64 20 60 60 96 40 0 
1 1 0 0 28 60 40 24 40 16 68 40 40 32 72 40 36 60 64 40 60 24 32 60 24 60 60 8 60 36 100 40 40 56 76 40 40 88 40 72 60 48 60 16 40 40 68 63 20 60 60 92 40 4 
1 1 0 0 28 60 40 28 40 20 68 40 40 36 72 40 36 60 64 40 60 20 32 60 24 60 60 4 60 32 96 40 40 60 76 40 40 92 40 76 60 44 60 12 40 44 72 63 20 60 60 88 40 8 40 0 
1 1 0 0 28 60 40 32 40 24 68 40 40 40 72 40 36 60 64 40 60 16 32 60 24 60 60 100 60 28 92 40 40 64 76 40 40 96 40 80 60 40 60 8 40 48 76 62 20 60 60 84 40 12 40 4 
1 1 0 0 28 60 40 36 40 28 68 40 40 44 72 40 36 60 64 40 60 12 32 60 24 60 60 96 60 24 88 40 40 68 76 40 40 0 40 84 60 36 60 4 40 52 80 62 20 60 60 80 40 16 40 8 
1 1 0 0 28 60 40 40 40 32 68 40 40 48 72 40 36 60 64 40 60 8 32 60 24 60 60 92 60 20 84 40 40 72 76 40 40 4 40 88 60 32 60 100 40 56 84 62 20 60 60 76 40 20 40 12 
1 1 0 0 28 60 40 44 40 36 68 40 40 52 72 40 36 60 64 40 60 4 32 60 24 60 60 88 60 16 80 40 40 76 76 40 40 8 40 92 60 28 60 96 40 60 88 61 20 60 60 72 40 24 40 16 
1 1 0 0 28 60 40 48 40 40 68 40 40 56 72 40 36 60 64 40 40 0 32 60 24 60 60 84 60 12 80 40 40 80 76 40 40 12 40 96 60 24 60 92 40 64 92 61 20 60 60 68 40 28 40 20 
1 1 0 0 28 60 40 52 40 44 68 40 40 60 72 40 36 60 64 40 40 4 32 60 24 60 60 80 60 8 80 40 40 84 76 40 40 16 60 100 60 20 60 88 40 68 96 60 20 60 60 64 40 32 40 24 
1 1 0 0 28 60 40 56 40 48 68 40 40 64 72 40 36 60 64 40 40 8 32 60 24 60 60 76 60 4 80 40 40 88 76 40 40 20 60 96 60 16 60 84 40 72 97 60 20 60 60 60 40 36 40 28 40 0 
1 1 0 0 28 60 40 60 40 52 68 40 40 68 72 40 36 60 64 40 40 12 32 60 24 60 60 72 60 100 80 40 40 92 76 40 40 24 60 92 60 12 60 80 40 76 20 60 60 56 40 40 40 32 40 4 
1 1 0 0 28 60 40 64 40 56 68 40 40 72 72 40 36 60 64 40 40 16 32 60 24 60 60 68 60 96 80 40 40 96 76 40 40 28 60 88 60 8 60 76 40 80 40 0 20 60 60 52 40 44 40 36 40 8 
1 1 0 0 28 60 40 68 40 60 68 40 40 76 72 40 36 60 64 40 40 20 32 60 24 60 60 64 60 92 80 40 76 40 40 32 60 84 60 4 60 72 40 84 40 4 20 60 60 48 40 48 40 40 40 12 
1 1 0 0 28 60 40 72 40 64 68 40 40 80 72 40 36 60 64 40 40 24 32 60 24 60 60 60 60 88 80 40 0 60 76 40 40 36 60 80 60 68 40 88 40 8 20 60 60 44 40 52 40 44 40 16 
1 1 0 0 28 60 40 76 40 68 68 40 40 84 72 40 36 60 64 40 40 28 32 60 24 60 60 56 60 84 80 40 4 60 76 40 40 40 60 76 60 100 60 64 40 92 40 12 20 60 60 40 40 56 40 48 40 20 
1 1 0 0 28 60 40 80 40 72 68 40 40 88 72 40 36 60 64 40 40 32 32 60 24 60 60 52 60 80 80 40 8 60 76 40 40 44 60 72 60 96 60 60 40 96 40 16 20 60 60 36 40 60 40 52 40 24 
1 1 0 0 28 60 40 84 40 76 68 40 40 92 72 40 36 60 64 40 40 36 32 60 24 60 60 48 60 76 80 40 12 60 76 40 40 48 60 68 60 92 60 56 60 100 40 20 20 60 60 32 40 64 40 56 40 28 
1 1 0 0 28 60 40 88 40 80 68 40 40 96 72 40 36 60 64 40 40 40 32 60 24 60 60 44 60 72 80 40 16 60 76 40 40 52 60 64 60 88 60 52 60 96 40 24 20 60 60 28 40 68 40 60 40 32 40 0 
1 1 0 0 28 60 40 92 40 84 68 40 72 40 36 60 64 40 40 44 32 60 24 60 60 40 60 68 80 40 16 60 76 40 40 56 57 61 60 84 60 48 60 92 40 28 20 60 60 24 40 72 40 64 40 36 40 4 
1 1 0 0 28 60 40 96 40 88 68 40 40 0 72 40 36 60 64 40 40 48 32 60 24 60 60 36 60 64 80 40 16 60 76 40 40 60 55 58 60 80 60 44 60 88 40 32 20 60 60 20 40 76 40 68 40 40 40 8 
1 1 0 0 28 60 60 100 40 92 68 40 40 4 72 40 36 60 64 40 40 52 32 60 24 60 60 32 60 60 80 40 16 60 76 40 40 64 52 55 60 76 60 40 60 84 40 36 20 60 60 16 40 80 40 72 40 44 40 12 
1 1 0 0 28 60 60 96 40 96 68 40 40 8 72 40 36 60 64 40 40 56 32 60 24 60 60 28 60 56 80 40 16 60 76 40 40 68 50 52 60 72 60 36 60 80 40 40 20 60 60 12 40 84 40 76 40 48 40 16 40 0 
1 1 0 0 28 60 60 92 100 40 68 40 40 12 72 40 36 60 64 40 40 60 32 60 24 60 60 24 60 52 80 40 16 60 76 40 40 72 47 49 60 68 60 32 60 76 40 44 20 60 60 8 40 88 40 80 40 52 40 20 40 4 
1 1 0 0 28 60 60 88 96 40 68 40 40 16 72 40 36 60 64 40 40 64 32 60 24 60 60 20 60 48 80 40 16 60 76 40 40 76 45 46 60 64 60 28 60 72 40 48 20 60 60 4 40 92 40 84 40 56 40 24 40 8 0 60 
1 1 0 0 28 60 60 84 92 40 68 40 40 20 72 40 36 60 64 40 40 68 32 60 24 60 60 16 60 44 80 40 16 60 76 40 40 80 42 42 60 60 60 24 60 68 40 52 20 60 60 100 40 96 40 88 40 60 40 28 40 12 4 60 
0 0 0 0 28 60 60 80 88 40 68 40 40 24 72 40 36 60 64 40 40 72 32 60 24 60 60 12 60 40 80 40 16 60 76 40 40 84 38 42 60 56 60 20 60 64 40 56 20 60 60 96 40 0 40 92 40 64 40 32 40 16 8 60 
0 0 0 0 28 60 60 76 84 40 68 40 40 28 72 40 36 60 64 40 40 76 32 60 24 60 60 8 60 36 80 40 16 60 76 40 40 88 34 42 60 52 60 16 60 64 40 60 20 60 60 92 40 4 40 96 40 68 40 36 40 20 12 60 60 100 
0 0 0 0 28 60 60 72 84 40 68 40 40 32 72 40 36 60 64 40 40 80 32 60 24 60 60 4 60 32 80 40 16 60 76 40 40 92 30 42 60 48 60 12 60 64 40 64 20 60 60 88 40 8 100 40 40 72 40 36 40 24 12 60 60 96 
0 0 0 0 28 60 60 68 84 40 68 40 40 32 72 40 36 60 64 40 40 84 32 60 24 60 40 0 60 28 80 40 16 60 76 40 40 96 26 42 60 44 60 8 60 64 40 68 20 60 60 84 40 12 96 40 40 76 40 36 40 28 12 60 60 92 
0 0 0 0 28 60 60 68 84 40 68 40 40 32 72 40 36 60 64 40 40 88 32 60 24 60 40 4 60 24 80 40 16 60 76 40 22 41 60 40 60 4 60 64 40 72 20 60 60 80 40 16 92 40 40 80 40 36 40 28 12 60 60 88 
0 0 0 0 28 60 60 68 84 40 68 40 40 32 72 40 36 60 64 40 40 92 32 60 24 60 40 8 60 20 80 40 16 60 76 40 40 0 18 41 60 36 60 64 40 76 20 60 60 76 40 20 88 40 40 84 40 36 40 28 12 60 60 84 
0 0 0 0 28 60 60 68 84 40 68 40 40 32 72 40 36 60 64 40 40 96 32 60 24 60 40 12 60 16 80 40 16 60 76 40 40 4 14 41 60 32 60 64 40 80 20 60 60 72 40 24 88 40 40 88 40 36 40 28 12 60 60 80 
0 0 0 0 28 60 60 68 84 40 68 40 40 32 72 40 36 60 64 40 60 100 32 60 24 60 40 16 60 12 80 40 16 60 76 40 40 8 10 41 60 28 60 64 40 84 20 60 60 72 40 24 88 40 40 92 40 36 40 28 12 60 60 76 
0 0 0 0 28 60 60 68 84 40 68 40 40 32 72 40 36 60 64 40 60 96 32 60 24 60 40 20 60 8 80 40 16 60 76 40 40 12 6 40 60 24 40 0 60 64 40 88 20 60 60 72 40 24 88 40 40 96 40 36 40 28 12 60 60 76 
0 0 0 0 28 60 60 68 84 40 68 40 40 32 72 40 36 60 64 40 60 92 32 60 24 60 40 20 60 4 80 40 16 60 76 40 40 16 3 40 60 20 40 4 60 64 40 92 20 60 60 72 40 24 88 40 60 100 40 36 40 28 12 60 60 76 
0 0 1 1 28 60 60 68 84 40 68 40 40 32 72 40 36 60 64 40 60 88 32 60 24 60 40 20 40 0 80 40 16 60 76 40 40 16 60 16 40 8 60 64 40 96 20 60 60 72 40 24 88 40 60 96 40 36 40 28 12 60 60 76 
0 0 1 1 28 60 60 68 84 40 68 40 40 32 72 40 40 60 61 43 60 84 32 60 24 60 40 20 40 4 80 40 16 60 76 40 40 16 60 100 60 12 40 12 60 64 20 60 60 72 40 24 88 40 60 92 40 36 40 28 12 60 60 76 
0 0 1 1 28 60 60 68 84 40 64 40 40 32 72 40 44 60 58 45 60 80 36 60 24 60 40 20 40 8 80 40 16 60 76 40 40 16 60 96 60 8 40 12 60 64 20 60 60 72 40 24 88 40 60 88 40 36 40 28 12 60 60 76 
0 0 1 1 32 60 60 68 84 40 61 43 40 32 68 40 48 60 55 48 60 80 40 60 24 60 40 20 40 8 80 40 16 60 76 40 40 16 60 92 60 4 40 12 60 64 60 100 20 60 60 72 40 24 88 40 60 84 40 36 40 28 12 60 60 76 
0 0 1 1 36 60 60 68 84 40 58 45 40 32 64 40 52 60 52 50 60 80 44 60 28 60 40 20 40 8 80 40 16 60 72 40 40 16 60 88 40 0 40 12 60 64 60 96 20 60 60 72 40 24 88 40 60 84 40 36 40 28 12 60 60 76 
0 0 1 1 36 64 60 68 84 40 55 48 40 32 61 43 56 60 49 53 60 80 48 60 32 60 40 20 40 8 76 40 16 60 68 40 40 16 60 88 40 4 40 12 60 64 60 92 24 60 60 72 40 24 88 40 60 84 40 36 40 28 12 60 60 76 100 40 
0 0 1 1 37 68 60 68 80 40 52 50 40 32 58 45 60 60 46 55 60 80 52 60 35 60 40 20 40 8 72 40 20 60 64 40 40 16 60 88 40 4 40 12 60 64 60 92 28 60 60 72 40 24 88 40 60 84 40 36 40 28 12 60 60 76 96 40 
0 0 1 1 37 72 60 68 76 40 49 53 40 32 55 48 64 60 42 58 60 80 56 60 36 60 40 20 40 8 68 40 24 60 61 43 40 16 60 88 40 4 40 12 60 64 60 92 31 60 60 72 40 24 84 40 60 84 40 36 40 28 16 60 60 76 92 40 60 100 
0 0 1 1 38 76 60 68 72 40 46 55 40 32 52 50 68 60 42 62 60 80 60 60 40 60 40 20 40 8 64 40 27 60 58 45 40 16 60 88 40 4 40 12 60 64 60 92 31 60 60 72 40 24 80 40 60 84 40 36 40 28 20 60 60 76 88 40 60 96 
0 0 1 1 38 80 60 68 68 40 42 58 40 32 49 53 72 60 42 66 60 80 64 60 44 60 40 20 40 8 61 43 27 60 55 48 40 16 60 88 40 4 40 12 60 64 60 92 35 60 60 72 40 24 76 40 60 84 40 36 40 28 23 60 60 76 84 40 60 96 0 60 
0 0 1 1 38 84 60 68 64 40 42 62 40 32 46 55 76 60 42 70 60 80 68 60 48 60 40 20 40 8 58 45 31 60 52 50 40 16 60 88 40 4 40 12 60 64 60 92 36 60 60 72 40 24 72 40 60 84 40 36 40 28 23 60 60 76 80 40 60 96 4 60 
0 0 1 1 39 88 60 68 61 43 42 66 40 32 42 58 80 60 42 74 60 80 72 60 52 60 40 20 40 8 55 48 31 60 49 53 40 16 60 88 40 4 40 12 60 64 60 92 36 64 60 72 40 24 68 40 60 84 40 36 40 28 27 60 60 76 76 40 60 96 8 60 
0 0 1 1 39 92 60 68 58 45 42 70 40 32 42 62 84 60 41 78 60 80 76 60 56 60 40 20 40 8 52 50 35 60 46 55 40 16 60 88 40 4 40 12 60 64 60 92 37 68 60 72 40 24 64 40 60 84 40 36 40 28 27 60 60 76 72 40 60 96 12 60 
0 0 1 1 40 96 60 68 55 48 42 74 40 32 42 66 88 60 41 82 60 80 80 60 60 60 40 20 40 8 49 53 36 60 42 58 40 16 60 88 40 4 40 12 60 64 60 92 37 72 60 72 40 24 61 43 60 84 40 36 40 28 31 60 60 76 68 40 60 96 16 60 
0 0 1 1 40 97 60 68 52 50 41 78 40 32 42 70 92 60 41 86 60 80 84 60 64 60 40 20 40 8 46 55 36 64 42 62 40 16 60 88 40 4 40 12 60 64 60 92 38 76 60 72 40 24 58 45 60 84 40 36 40 28 31 60 60 76 64 40 60 96 20 60 
0 0 1 1 60 68 49 53 41 82 40 32 42 74 96 60 41 90 60 80 88 60 68 60 40 20 40 8 42 58 37 68 42 66 40 16 60 88 40 4 40 12 60 64 60 92 38 80 60 72 40 24 55 48 60 84 40 36 40 28 35 60 60 76 61 43 60 96 24 60 
0 0 1 1 60 68 46 55 41 86 40 32 41 78 40 94 60 80 92 60 72 60 40 20 40 8 42 62 37 72 42 70 40 16 60 88 40 4 40 12 60 64 60 92 38 84 60 72 40 24 52 50 60 84 40 36 40 28 36 60 60 76 58 45 60 96 28 60 
0 0 1 1 60 68 42 58 41 90 40 32 41 82 40 97 60 80 96 60 76 60 40 20 40 8 42 66 38 76 42 74 40 16 60 88 40 4 40 12 60 64 60 92 39 88 60 72 40 24 49 53 60 84 40 36 40 28 36 64 60 76 55 48 60 96 32 60 
0 0 1 1 60 68 42 62 40 94 40 32 41 86 60 80 80 60 40 20 40 8 42 70 38 80 41 78 40 16 60 88 40 4 40 12 60 64 60 92 39 92 60 72 40 24 46 55 60 84 40 36 40 28 37 68 60 76 52 50 60 96 35 60 
0 0 1 1 60 68 42 66 40 97 40 32 41 90 60 80 84 60 40 20 40 8 42 74 38 84 41 82 40 16 60 88 40 4 40 12 60 64 60 92 40 96 60 72 40 24 42 58 60 84 40 36 40 28 37 72 60 76 49 53 60 96 36 60 
0 0 1 1 60 68 42 70 40 32 40 94 60 80 88 60 40 20 40 8 41 78 39 88 41 86 40 16 60 88 40 4 40 12 60 64 60 92 40 97 60 72 40 24 42 62 60 84 40 36 40 28 38 76 60 76 46 55 60 96 40 60 
0 0 1 1 60 68 42 74 40 32 40 97 60 80 92 60 40 20 40 8 41 82 39 92 41 90 40 16 60 88 40 4 40 12 60 64 60 92 60 72 40 24 42 66 60 84 40 36 40 28 38 80 60 76 42 58 60 96 44 60 
0 0 1 1 60 68 41 78 40 32 60 80 96 60 40 20 40 8 41 86 40 96 40 94 40 16 60 88 40 4 40 12 60 64 60 92 60 72 40 24 42 70 60 84 40 36 40 28 38 84 60 76 42 62 60 96 48 60 
0 0 1 1 60 68 41 82 40 32 60 80 40 20 40 8 41 90 40 97 40 97 40 16 60 88 40 4 40 12 60 64 60 92 60 72 40 24 42 74 60 84 40 36 40 28 39 88 60 76 42 66 60 96 52 60 
0 0 1 1 60 68 41 86 40 32 60 80 40 20 40 8 40 94 40 16 60 88 40 4 40 12 60 64 60 92 60 72 40 24 41 78 60 84 40 36 40 28 39 92 60 76 42 70 60 96 56 60 
0 0 1 1 60 68 41 90 40 32 60 80 40 20 40 8 40 97 40 16 60 88 40 4 40 12 60 64 60 92 60 72 40 24 41 82 60 84 40 36 40 28 40 96 60 76 42 74 60 96 60 60 
0 0 1 1 60 68 40 94 40 32 60 80 40 20 40 8 40 16 60 88 40 4 40 12 60 64 60 92 60 72 40 24 41 86 60 84 40 36 40 28 40 97 60 76 41 78 60 96 64 60 
0 0 1 1 60 68 40 97 40 32 60 80 40 20 40 8 40 16 60 88 40 4 40 12 60 64 60 92 60 72 40 24 41 90 60 84 40 36 40 28 60 76 41 82 60 96 68 60 
0 0 1 1 100 40 60 68 40 32 60 80 40 20 40 8 40 16 60 88 40 4 40 12 60 64 60 92 60 72 40 24 40 94 60 84 40 36 40 28 60 76 41 86 60 96 72 60 
0 0 1 1 96 40 60 68 0 60 40 32 60 80 40 20 40 8 40 16 60 88 40 4 40 12 60 64 60 92 60 72 40 24 40 97 60 84 40 36 40 28 60 76 41 90 60 96 76 60 
0 0 1 1 92 40 60 68 4 60 100 40 40 32 60 80 40 20 40 8 40 16 60 88 40 4 40 12 60 64 60 92 60 72 40 24 60 84 40 36 40 28 60 76 40 94 60 96 80 60 
0 0 1 1 88 40 60 68 8 60 96 40 40 32 60 80 40 20 40 8 40 16 60 88 40 4 40 12 60 64 60 92 60 72 40 24 60 84 40 36 40 28 60 76 40 97 60 96 84 60 
0 0 1 1 84 40 60 68 12 60 92 40 40 32 100 40 60 80 40 20 40 8 40 16 60 88 40 4 40 12 60 64 60 92 60 72 40 24 60 84 40 36 40 28 60 76 60 96 88 60 
0 0 1 1 80 40 60 68 16 60 88 40 40 32 96 40 60 80 40 20 40 8 40 16 60 88 40 4 40 12 60 64 60 92 60 72 40 24 60 84 40 36 40 28 60 76 60 96 92 60 
0 0 1 1 76 40 60 68 20 60 84 40 40 32 92 40 60 80 40 20 40 8 40 16 60 88 40 4 40 12 60 64 60 92 60 72 40 24 60 84 40 36 40 28 60 76 60 96 96 60 
0 0 1 1 72 40 60 68 24 60 80 40 40 32 88 40 60 80 40 20 40 8 40 16 60 88 40 4 40 12 60 64 60 92 60 72 40 24 60 84 40 36 40 28 60 76 60 96 
0 0 1 1 68 40 60 68 28 60 76 40 40 32 84 40 60 80 40 20 40 8 40 16 60 88 40 4 40 12 60 64 60 92 60 72 40 24 60 84 40 36 40 28 60 76 60 96 
0 0 1 1 64 40 60 68 32 60 72 40 40 32 80 40 60 80 40 20 40 8 40 16 60 88 40 4 40 12 60 64 60 92 60 72 40 24 60 84 40 36 40 28 60 76 60 96 
0 0 1 1 60 40 60 68 36 60 68 40 40 32 76 40 0 60 60 80 40 20 40 8 40 16 60 88 40 4 40 12 60 64 60 92 60 72 40 24 60 84 40 36 40 28 60 76 60 96 
0 0 1 1 56 40 60 68 40 60 64 40 40 32 72 40 4 60 60 80 40 20 40 8 40 16 60 88 40 4 40 12 60 64 60 92 60 72 40 24 60 84 40 36 40 28 60 76 60 96 
0 0 1 1 52 40 60 68 44 60 61 43 40 32 68 40 8 60 100 40 60 80 40 20 40 8 40 16 60 88 40 4 40 12 60 64 60 92 60 72 40 24 60 84 40 36 40 28 60 76 60 96 
0 0 1 1 48 40 60 68 48 60 58 45 40 32 64 40 12 60 96 40 60 80 40 20 40 8 40 16 60 88 40 4 40 12 60 64 60 92 60 72 40 24 60 84 40 36 40 28 60 76 60 96 
0 0 1 1 44 40 60 68 52 60 55 48 40 32 61 43 16 60 92 40 60 80 40 20 40 8 40 16 60 88 40 4 40 12 60 64 60 92 60 72 40 24 60 84 40 36 40 28 60 76 60 96 
0 0 1 1 40 40 60 68 56 60 52 50 40 32 58 45 20 60 88 40 60 80 40 20 40 8 40 16 60 88 40 4 40 12 60 64 60 92 60 72 40 24 60 84 40 36 40 28 60 76 60 96 
